10
0 17 18 14 10 20 3 9 10 7 
17 0 17 15 4 6 9 20 7 12 
18 17 0 8 3 17 7 11 13 12 
14 15 8 0 16 19 18 14 17 15 
10 4 3 16 0 17 3 19 19 4 
20 6 17 19 17 0 11 9 15 8 
3 9 7 18 3 11 0 10 8 12 
9 20 11 14 19 9 10 0 15 19 
10 7 13 17 19 15 8 15 0 19 
7 12 12 15 4 8 12 19 19 0 
